{
 "cells": [
  {
   "cell_type": "code",
   "execution_count": 1,
   "id": "b382e2c1",
   "metadata": {},
   "outputs": [],
   "source": [
    "%reload_ext autoreload\n",
    "# %load_ext autoreload\n",
    "%autoreload 2"
   ]
  },
  {
   "cell_type": "code",
   "execution_count": 2,
   "id": "59e471d1",
   "metadata": {},
   "outputs": [],
   "source": [
    "import quality_flow\n",
    "\n",
    "from hamilton import base, driver\n",
    "import pandas as pd"
   ]
  },
  {
   "cell_type": "markdown",
   "id": "054b87b7",
   "metadata": {},
   "source": [
    "## Loading Data with Validations"
   ]
  },
  {
   "cell_type": "code",
   "execution_count": 3,
   "id": "0647bcd9",
   "metadata": {},
   "outputs": [],
   "source": [
    "pandas_adapter = base.SimplePythonGraphAdapter(base.PandasDataFrameResult())\n",
    "dict_adapter = base.SimplePythonGraphAdapter(base.DictResult())\n",
    "\n",
    "data_driver = driver.Driver(\n",
    "    {\n",
    "        'input_file_name': 'air-quality-data.csv',\n",
    "    },\n",
    "    quality_flow,\n",
    "    adapter=pandas_adapter\n",
    ")\n",
    "\n",
    "validated_data = data_driver.execute([\n",
    "    'date_time',\n",
    "    'particles',\n",
    "    'fine_particles',\n",
    "    'nitrogen_dioxide',\n",
    "    'ammonia',\n",
    "    'sulfur_dioxide',\n",
    "    'carbon_monoxide',\n",
    "    'ozone',\n",
    "    'nitrogen_oxides',\n",
    "    'nitric_oxide',\n",
    "    'benzene',\n",
    "    'toluene',\n",
    "    'xylene'\n",
    "])"
   ]
  },
  {
   "cell_type": "markdown",
   "id": "0f58243f",
   "metadata": {},
   "source": [
    "## Loading Data with DataFrame Validations"
   ]
  },
  {
   "cell_type": "code",
   "execution_count": 4,
   "id": "18d05d7f",
   "metadata": {},
   "outputs": [
    {
     "name": "stderr",
     "output_type": "stream",
     "text": [
      "Validator: data_in_range_validator failed. Message was: DataFrame contains 7 columns in range (-0.9,0.9), and 5 outside. Diagnostic information is: {'fine_particles': {'min': -0.12534830759052928, 'max': 0.9109132751855203, 'above_lower_bound': 12.0, 'below_upper_bound': 11.0, 'in_range': 11.0, 'count': 12.0}, 'particles': {'min': -0.051925354538643054, 'max': 0.9109132751855203, 'above_lower_bound': 12.0, 'below_upper_bound': 11.0, 'in_range': 11.0, 'count': 12.0}, 'carbon_monoxide': {'min': -0.27368336504258123, 'max': 0.916169000132022, 'above_lower_bound': 12.0, 'below_upper_bound': 11.0, 'in_range': 11.0, 'count': 12.0}, 'nitrogen_oxides': {'min': -0.33719821029811786, 'max': 0.975734018898451, 'above_lower_bound': 12.0, 'below_upper_bound': 10.0, 'in_range': 10.0, 'count': 12.0}, 'nitric_oxide': {'min': -0.3120377842365555, 'max': 0.975734018898451, 'above_lower_bound': 12.0, 'below_upper_bound': 11.0, 'in_range': 11.0, 'count': 12.0}}\n"
     ]
    }
   ],
   "source": [
    "corr_driver = driver.Driver(\n",
    "    {\n",
    "        'input_file_name': 'air-quality-data.csv',\n",
    "    },\n",
    "    quality_flow,\n",
    "    adapter=dict_adapter\n",
    ")\n",
    "\n",
    "result = corr_driver.execute([\n",
    "    \"correlation_matrix\", # node for failures\n",
    "    \"correlation_matrix2\" # node for warnings\n",
    "])"
   ]
  },
  {
   "cell_type": "code",
   "execution_count": 5,
   "id": "4af2085f",
   "metadata": {},
   "outputs": [
    {
     "data": {
      "text/html": [
       "<div>\n",
       "<style scoped>\n",
       "    .dataframe tbody tr th:only-of-type {\n",
       "        vertical-align: middle;\n",
       "    }\n",
       "\n",
       "    .dataframe tbody tr th {\n",
       "        vertical-align: top;\n",
       "    }\n",
       "\n",
       "    .dataframe thead th {\n",
       "        text-align: right;\n",
       "    }\n",
       "</style>\n",
       "<table border=\"1\" class=\"dataframe\">\n",
       "  <thead>\n",
       "    <tr style=\"text-align: right;\">\n",
       "      <th></th>\n",
       "      <th>fine_particles</th>\n",
       "      <th>particles</th>\n",
       "      <th>nitrogen_dioxide</th>\n",
       "      <th>ammonia</th>\n",
       "      <th>sulfur_dioxide</th>\n",
       "      <th>carbon_monoxide</th>\n",
       "      <th>ozone</th>\n",
       "      <th>nitrogen_oxides</th>\n",
       "      <th>nitric_oxide</th>\n",
       "      <th>benzene</th>\n",
       "      <th>toluene</th>\n",
       "      <th>xylene</th>\n",
       "    </tr>\n",
       "  </thead>\n",
       "  <tbody>\n",
       "    <tr>\n",
       "      <th>fine_particles</th>\n",
       "      <td>0.000000</td>\n",
       "      <td>0.910913</td>\n",
       "      <td>0.642499</td>\n",
       "      <td>0.755363</td>\n",
       "      <td>0.264407</td>\n",
       "      <td>0.712366</td>\n",
       "      <td>-0.125348</td>\n",
       "      <td>0.647454</td>\n",
       "      <td>0.588074</td>\n",
       "      <td>0.790919</td>\n",
       "      <td>0.607970</td>\n",
       "      <td>0.177482</td>\n",
       "    </tr>\n",
       "    <tr>\n",
       "      <th>particles</th>\n",
       "      <td>0.910913</td>\n",
       "      <td>0.000000</td>\n",
       "      <td>0.677379</td>\n",
       "      <td>0.669935</td>\n",
       "      <td>0.327043</td>\n",
       "      <td>0.717103</td>\n",
       "      <td>-0.051925</td>\n",
       "      <td>0.651963</td>\n",
       "      <td>0.584389</td>\n",
       "      <td>0.777174</td>\n",
       "      <td>0.629805</td>\n",
       "      <td>0.185069</td>\n",
       "    </tr>\n",
       "    <tr>\n",
       "      <th>nitrogen_dioxide</th>\n",
       "      <td>0.642499</td>\n",
       "      <td>0.677379</td>\n",
       "      <td>0.000000</td>\n",
       "      <td>0.587203</td>\n",
       "      <td>0.273042</td>\n",
       "      <td>0.795007</td>\n",
       "      <td>-0.317975</td>\n",
       "      <td>0.819729</td>\n",
       "      <td>0.687632</td>\n",
       "      <td>0.838429</td>\n",
       "      <td>0.793961</td>\n",
       "      <td>0.272848</td>\n",
       "    </tr>\n",
       "    <tr>\n",
       "      <th>ammonia</th>\n",
       "      <td>0.755363</td>\n",
       "      <td>0.669935</td>\n",
       "      <td>0.587203</td>\n",
       "      <td>0.000000</td>\n",
       "      <td>0.123811</td>\n",
       "      <td>0.617710</td>\n",
       "      <td>-0.125890</td>\n",
       "      <td>0.582791</td>\n",
       "      <td>0.526617</td>\n",
       "      <td>0.683978</td>\n",
       "      <td>0.543074</td>\n",
       "      <td>0.145593</td>\n",
       "    </tr>\n",
       "    <tr>\n",
       "      <th>sulfur_dioxide</th>\n",
       "      <td>0.264407</td>\n",
       "      <td>0.327043</td>\n",
       "      <td>0.273042</td>\n",
       "      <td>0.123811</td>\n",
       "      <td>0.000000</td>\n",
       "      <td>0.263965</td>\n",
       "      <td>0.162530</td>\n",
       "      <td>0.255294</td>\n",
       "      <td>0.224820</td>\n",
       "      <td>0.300581</td>\n",
       "      <td>0.220465</td>\n",
       "      <td>0.142024</td>\n",
       "    </tr>\n",
       "    <tr>\n",
       "      <th>carbon_monoxide</th>\n",
       "      <td>0.712366</td>\n",
       "      <td>0.717103</td>\n",
       "      <td>0.795007</td>\n",
       "      <td>0.617710</td>\n",
       "      <td>0.263965</td>\n",
       "      <td>0.000000</td>\n",
       "      <td>-0.273683</td>\n",
       "      <td>0.916169</td>\n",
       "      <td>0.884202</td>\n",
       "      <td>0.888354</td>\n",
       "      <td>0.875076</td>\n",
       "      <td>0.335158</td>\n",
       "    </tr>\n",
       "    <tr>\n",
       "      <th>ozone</th>\n",
       "      <td>-0.125348</td>\n",
       "      <td>-0.051925</td>\n",
       "      <td>-0.317975</td>\n",
       "      <td>-0.125890</td>\n",
       "      <td>0.162530</td>\n",
       "      <td>-0.273683</td>\n",
       "      <td>0.000000</td>\n",
       "      <td>-0.337198</td>\n",
       "      <td>-0.312038</td>\n",
       "      <td>-0.273456</td>\n",
       "      <td>-0.265094</td>\n",
       "      <td>-0.127050</td>\n",
       "    </tr>\n",
       "    <tr>\n",
       "      <th>nitrogen_oxides</th>\n",
       "      <td>0.647454</td>\n",
       "      <td>0.651963</td>\n",
       "      <td>0.819729</td>\n",
       "      <td>0.582791</td>\n",
       "      <td>0.255294</td>\n",
       "      <td>0.916169</td>\n",
       "      <td>-0.337198</td>\n",
       "      <td>0.000000</td>\n",
       "      <td>0.975734</td>\n",
       "      <td>0.890953</td>\n",
       "      <td>0.843157</td>\n",
       "      <td>0.329276</td>\n",
       "    </tr>\n",
       "    <tr>\n",
       "      <th>nitric_oxide</th>\n",
       "      <td>0.588074</td>\n",
       "      <td>0.584389</td>\n",
       "      <td>0.687632</td>\n",
       "      <td>0.526617</td>\n",
       "      <td>0.224820</td>\n",
       "      <td>0.884202</td>\n",
       "      <td>-0.312038</td>\n",
       "      <td>0.975734</td>\n",
       "      <td>0.000000</td>\n",
       "      <td>0.835161</td>\n",
       "      <td>0.791436</td>\n",
       "      <td>0.328156</td>\n",
       "    </tr>\n",
       "    <tr>\n",
       "      <th>benzene</th>\n",
       "      <td>0.790919</td>\n",
       "      <td>0.777174</td>\n",
       "      <td>0.838429</td>\n",
       "      <td>0.683978</td>\n",
       "      <td>0.300581</td>\n",
       "      <td>0.888354</td>\n",
       "      <td>-0.273456</td>\n",
       "      <td>0.890953</td>\n",
       "      <td>0.835161</td>\n",
       "      <td>0.000000</td>\n",
       "      <td>0.867584</td>\n",
       "      <td>0.310097</td>\n",
       "    </tr>\n",
       "    <tr>\n",
       "      <th>toluene</th>\n",
       "      <td>0.607970</td>\n",
       "      <td>0.629805</td>\n",
       "      <td>0.793961</td>\n",
       "      <td>0.543074</td>\n",
       "      <td>0.220465</td>\n",
       "      <td>0.875076</td>\n",
       "      <td>-0.265094</td>\n",
       "      <td>0.843157</td>\n",
       "      <td>0.791436</td>\n",
       "      <td>0.867584</td>\n",
       "      <td>0.000000</td>\n",
       "      <td>0.345975</td>\n",
       "    </tr>\n",
       "    <tr>\n",
       "      <th>xylene</th>\n",
       "      <td>0.177482</td>\n",
       "      <td>0.185069</td>\n",
       "      <td>0.272848</td>\n",
       "      <td>0.145593</td>\n",
       "      <td>0.142024</td>\n",
       "      <td>0.335158</td>\n",
       "      <td>-0.127050</td>\n",
       "      <td>0.329276</td>\n",
       "      <td>0.328156</td>\n",
       "      <td>0.310097</td>\n",
       "      <td>0.345975</td>\n",
       "      <td>0.000000</td>\n",
       "    </tr>\n",
       "  </tbody>\n",
       "</table>\n",
       "</div>"
      ],
      "text/plain": [
       "                  fine_particles  particles  nitrogen_dioxide   ammonia  \\\n",
       "fine_particles          0.000000   0.910913          0.642499  0.755363   \n",
       "particles               0.910913   0.000000          0.677379  0.669935   \n",
       "nitrogen_dioxide        0.642499   0.677379          0.000000  0.587203   \n",
       "ammonia                 0.755363   0.669935          0.587203  0.000000   \n",
       "sulfur_dioxide          0.264407   0.327043          0.273042  0.123811   \n",
       "carbon_monoxide         0.712366   0.717103          0.795007  0.617710   \n",
       "ozone                  -0.125348  -0.051925         -0.317975 -0.125890   \n",
       "nitrogen_oxides         0.647454   0.651963          0.819729  0.582791   \n",
       "nitric_oxide            0.588074   0.584389          0.687632  0.526617   \n",
       "benzene                 0.790919   0.777174          0.838429  0.683978   \n",
       "toluene                 0.607970   0.629805          0.793961  0.543074   \n",
       "xylene                  0.177482   0.185069          0.272848  0.145593   \n",
       "\n",
       "                  sulfur_dioxide  carbon_monoxide     ozone  nitrogen_oxides  \\\n",
       "fine_particles          0.264407         0.712366 -0.125348         0.647454   \n",
       "particles               0.327043         0.717103 -0.051925         0.651963   \n",
       "nitrogen_dioxide        0.273042         0.795007 -0.317975         0.819729   \n",
       "ammonia                 0.123811         0.617710 -0.125890         0.582791   \n",
       "sulfur_dioxide          0.000000         0.263965  0.162530         0.255294   \n",
       "carbon_monoxide         0.263965         0.000000 -0.273683         0.916169   \n",
       "ozone                   0.162530        -0.273683  0.000000        -0.337198   \n",
       "nitrogen_oxides         0.255294         0.916169 -0.337198         0.000000   \n",
       "nitric_oxide            0.224820         0.884202 -0.312038         0.975734   \n",
       "benzene                 0.300581         0.888354 -0.273456         0.890953   \n",
       "toluene                 0.220465         0.875076 -0.265094         0.843157   \n",
       "xylene                  0.142024         0.335158 -0.127050         0.329276   \n",
       "\n",
       "                  nitric_oxide   benzene   toluene    xylene  \n",
       "fine_particles        0.588074  0.790919  0.607970  0.177482  \n",
       "particles             0.584389  0.777174  0.629805  0.185069  \n",
       "nitrogen_dioxide      0.687632  0.838429  0.793961  0.272848  \n",
       "ammonia               0.526617  0.683978  0.543074  0.145593  \n",
       "sulfur_dioxide        0.224820  0.300581  0.220465  0.142024  \n",
       "carbon_monoxide       0.884202  0.888354  0.875076  0.335158  \n",
       "ozone                -0.312038 -0.273456 -0.265094 -0.127050  \n",
       "nitrogen_oxides       0.975734  0.890953  0.843157  0.329276  \n",
       "nitric_oxide          0.000000  0.835161  0.791436  0.328156  \n",
       "benzene               0.835161  0.000000  0.867584  0.310097  \n",
       "toluene               0.791436  0.867584  0.000000  0.345975  \n",
       "xylene                0.328156  0.310097  0.345975  0.000000  "
      ]
     },
     "execution_count": 5,
     "metadata": {},
     "output_type": "execute_result"
    }
   ],
   "source": [
    "result[\"correlation_matrix\"]"
   ]
  },
  {
   "cell_type": "code",
   "execution_count": null,
   "id": "a5687408",
   "metadata": {},
   "outputs": [],
   "source": []
  }
 ],
 "metadata": {
  "kernelspec": {
   "display_name": "Python 3 (ipykernel)",
   "language": "python",
   "name": "python3"
  },
  "language_info": {
   "codemirror_mode": {
    "name": "ipython",
    "version": 3
   },
   "file_extension": ".py",
   "mimetype": "text/x-python",
   "name": "python",
   "nbconvert_exporter": "python",
   "pygments_lexer": "ipython3",
   "version": "3.10.4"
  }
 },
 "nbformat": 4,
 "nbformat_minor": 5
}
